//Performance List for 1-Branch Model (Instant training on wrong prediction) only for Right Side

['human_line', 'YOLO line', 'ModelB line', 'YOLO error', 'ModelB error']
[937.0, 946.0, 946.0144853871316, 9.0, 9.014485387131572]
[937.0, 946.0, 937.8831968307495, 9.0, 0.8831968307495117]
[939.0, 946.0, 937.8831968307495, 7.0, 1.1168031692504883]
[942.0, 947.0, 938.8828687667847, 5.0, 3.117131233215332]
[943.0, 947.0, 941.9598178863525, 4.0, 1.040182113647461]
[944.0, 947.0, 941.9598178863525, 3.0, 2.040182113647461]
[947.0, 961.0, 955.961000919342, 14.0, 8.961000919342041]
[946.0, 961.0, 947.0000343322754, 15.0, 1.0000343322753906]
[946.0, 964.0, 949.9993867874146, 18.0, 3.999386787414551]
[948.0, 964.0, 946.002233505249, 16.0, 1.9977664947509766]
[948.0, 964.0, 946.002233505249, 16.0, 1.9977664947509766]
[950.0, 963.0, 945.0027561187744, 13.0, 4.997243881225586]
[951.0, 963.0, 949.9999980926514, 12.0, 1.0000019073486328]
[952.0, 962.0, 949.0001220703125, 10.0, 2.9998779296875]
[952.0, 955.0, 941.9997577667236, 3.0, 10.000242233276367]
[952.0, 955.0, 950.733519077301, 3.0, 1.2664809226989746]
[953.0, 955.0, 950.7337336540222, 2.0, 2.266266345977783]
[952.0, 955.0, 950.7337336540222, 3.0, 1.2662663459777832]
[953.0, 956.0, 951.7337779998779, 3.0, 1.2662220001220703]
[952.0, 953.0, 948.7329597473145, 1.0, 3.267040252685547]
[956.0, 953.0, 951.0058408975601, 3.0, 4.99415910243988]
[953.0, 954.0, 954.0160149503499, 1.0, 1.016014950349927]
[956.0, 954.0, 954.0160149503499, 2.0, 1.983985049650073]
[955.0, 956.0, 956.0159674901515, 1.0, 1.0159674901515245]
[957.0, 955.0, 955.0158495400101, 2.0, 1.9841504599899054]
[957.0, 956.0, 956.0158223230392, 1.0, 0.9841776769608259]
[961.0, 957.0, 957.0157784242183, 4.0, 3.984221575781703]
[956.0, 959.0, 959.2987803518772, 3.0, 3.2987803518772125]
[957.0, 959.0, 958.8547647297382, 2.0, 1.8547647297382355]
[957.0, 959.0, 958.854775339365, 2.0, 1.8547753393650055]
[956.0, 957.0, 956.8547609001398, 1.0, 0.8547609001398087]
[959.0, 957.0, 956.8547609001398, 2.0, 2.1452390998601913]
[960.0, 961.0, 960.8547313213348, 1.0, 0.8547313213348389]
[960.0, 961.0, 960.8547313213348, 1.0, 0.8547313213348389]
[964.0, 960.0, 959.8546607047319, 4.0, 4.145339295268059]
[963.0, 962.0, 962.3041588664055, 1.0, 0.6958411335945129]
[965.0, 962.0, 962.3041588664055, 3.0, 2.695841133594513]
[963.0, 960.0, 960.3041751086712, 3.0, 2.6958248913288116]
[963.0, 960.0, 960.3041751086712, 3.0, 2.6958248913288116]
[965.0, 963.0, 963.3041977286339, 2.0, 1.6958022713661194]
[968.0, 962.0, 962.3042186796665, 6.0, 5.695781320333481]
[965.0, 962.0, 964.8204610347748, 3.0, 0.17953896522521973]
[969.0, 963.0, 965.8202369213104, 6.0, 3.179763078689575]
[969.0, 963.0, 968.9999895095825, 6.0, 1.049041748046875e-05]
[970.0, 963.0, 969.0006251335144, 7.0, 0.9993748664855957]
[969.0, 965.0, 971.0008692741394, 4.0, 2.0008692741394043]
[969.0, 965.0, 971.0008692741394, 4.0, 2.0008692741394043]
[974.0, 969.0, 975.0016298294067, 5.0, 1.0016298294067383]
[973.0, 969.0, 975.0016298294067, 4.0, 2.0016298294067383]
[972.0, 970.0, 976.0011696815491, 2.0, 4.001169681549072]
[974.0, 971.0, 973.0719249248505, 3.0, 0.9280750751495361]
[974.0, 971.0, 973.0719249248505, 3.0, 0.9280750751495361]
[978.0, 971.0, 973.0717000961304, 7.0, 4.928299903869629]
[978.0, 971.0, 977.9975566864014, 7.0, 0.0024433135986328125]
[979.0, 975.0, 981.9973611831665, 4.0, 2.997361183166504]
[981.0, 974.0, 980.9982571601868, 7.0, 0.0017428398132324219]
[979.0, 974.0, 980.9982571601868, 5.0, 1.9982571601867676]
[983.0, 975.0, 981.9986934661865, 8.0, 1.0013065338134766]
[979.0, 975.0, 981.9986934661865, 4.0, 2.9986934661865234]
[983.0, 981.0, 988.0011429786682, 2.0, 5.001142978668213]
[986.0, 981.0, 983.2483904361725, 5.0, 2.7516095638275146]
[985.0, 981.0, 983.2483904361725, 4.0, 1.7516095638275146]
[986.0, 983.0, 985.2486245632172, 3.0, 0.7513754367828369]
[986.0, 983.0, 985.2486245632172, 3.0, 0.7513754367828369]
[986.0, 985.0, 987.2489876747131, 1.0, 1.2489876747131348]
[987.0, 989.0, 991.2496807575226, 2.0, 4.249680757522583]
[987.0, 989.0, 988.2378421425819, 2.0, 1.2378421425819397]
[985.0, 991.0, 990.2379715442657, 6.0, 5.237971544265747]
[987.0, 991.0, 985.343047618866, 4.0, 1.6569523811340332]
[989.0, 993.0, 987.3423047065735, 4.0, 1.6576952934265137]
[991.0, 998.0, 992.3418779373169, 7.0, 1.3418779373168945]
[990.0, 998.0, 992.3418779373169, 8.0, 2.3418779373168945]
[994.0, 995.0, 989.3419857025146, 1.0, 4.658014297485352]
[992.0, 998.0, 995.7383766174316, 6.0, 3.7383766174316406]
[994.0, 1000.0, 994.6797118186951, 6.0, 0.6797118186950684]
[995.0, 1000.0, 994.6797118186951, 5.0, 0.32028818130493164]
[998.0, 1000.0, 994.6795492172241, 2.0, 3.320450782775879]
[995.0, 1000.0, 997.3384473323822, 5.0, 2.338447332382202]
[1000.0, 1002.0, 999.3380210399628, 2.0, 0.6619789600372314]
[999.0, 1002.0, 999.3380210399628, 3.0, 0.33802103996276855]
[1001.0, 1005.0, 1002.3379900455475, 4.0, 1.3379900455474854]
[1004.0, 1005.0, 1002.3379900455475, 1.0, 1.6620099544525146]
[1005.0, 1008.0, 1005.3375644683838, 3.0, 0.33756446838378906]
[1008.0, 1021.0, 1018.3375945091248, 13.0, 10.337594509124756]
[1014.0, 1021.0, 1010.7727584838867, 7.0, 3.2272415161132812]
[1017.0, 1026.0, 1018.7912817001343, 9.0, 1.7912817001342773]
[1016.0, 1026.0, 1018.7912817001343, 10.0, 2.7912817001342773]
[1024.0, 1031.0, 1023.7921285629272, 7.0, 0.2078714370727539]
[1029.0, 1038.0, 1030.791735649109, 9.0, 1.7917356491088867]
[1027.0, 1038.0, 1030.791735649109, 11.0, 3.7917356491088867]
[1034.0, 1048.0, 1037.0526132583618, 14.0, 3.0526132583618164]
[1034.0, 1048.0, 1033.9256830215454, 14.0, 0.07431697845458984]
[1042.0, 1057.0, 1042.9288425445557, 15.0, 0.9288425445556641]
[1052.0, 1065.0, 1050.9306364059448, 13.0, 1.0693635940551758]
[1052.0, 1065.0, 1050.9306364059448, 13.0, 1.0693635940551758]
[1059.0, 1068.0, 1053.9328174591064, 9.0, 5.067182540893555]
[1059.0, 1068.0, 1058.9821405410767, 9.0, 0.017859458923339844]
[1068.0, 1076.0, 1065.5203857421875, 8.0, 2.4796142578125]
[1078.0, 1085.0, 1075.983723640442, 7.0, 2.0162763595581055]
[1078.0, 1085.0, 1075.983723640442, 7.0, 2.0162763595581055]
[1083.0, 1103.0, 1093.9879474639893, 20.0, 10.987947463989258]
[1085.0, 1103.0, 1083.5741786956787, 18.0, 1.425821304321289]
[1095.0, 1113.0, 1093.574722290039, 18.0, 1.4252777099609375]
[1105.0, 1122.0, 1102.5837020874023, 17.0, 2.4162979125976562]
[1107.0, 1122.0, 1102.5837020874023, 15.0, 4.416297912597656]
[1113.0, 1125.0, 1109.9522409439087, 12.0, 3.0477590560913086]
[1116.0, 1125.0, 1112.9964056015015, 9.0, 3.003594398498535]
[1124.0, 1137.0, 1127.9968881607056, 13.0, 3.9968881607055664]
[1131.0, 1138.0, 1125.0022106170654, 7.0, 5.99778938293457]
[1134.0, 1138.0, 1130.9304265975952, 4.0, 3.069573402404785]
[1142.0, 1145.0, 1140.971261024475, 3.0, 1.0287389755249023]
[1143.0, 1145.0, 1140.971261024475, 2.0, 2.0287389755249023]
[1151.0, 1154.0, 1149.9716219902039, 3.0, 1.0283780097961426]
[1159.0, 1160.0, 1155.971504688263, 1.0, 3.0284953117370605]
[1166.0, 1164.0, 1162.9739377498627, 2.0, 3.026062250137329]
[1168.0, 1164.0, 1165.6249146461487, 4.0, 2.3750853538513184]
[1174.0, 1171.0, 1172.6250157356262, 3.0, 1.3749842643737793]
[1178.0, 1185.0, 1186.6250721216202, 7.0, 8.625072121620178]
[1179.0, 1185.0, 1178.695321559906, 6.0, 0.30467844009399414]
[1187.0, 1189.0, 1182.6935844421387, 2.0, 4.306415557861328]
[1185.0, 1189.0, 1186.7944605350494, 4.0, 1.7944605350494385]
[1190.0, 1196.0, 1193.794835805893, 6.0, 3.7948358058929443]
[1189.0, 1196.0, 1190.0140452384949, 7.0, 1.014045238494873]
[1195.0, 1192.0, 1186.012327671051, 3.0, 8.987672328948975]
[1195.0, 1193.0, 1193.8907949328423, 2.0, 1.1092050671577454]
[1199.0, 1193.0, 1193.8907949328423, 6.0, 5.109205067157745]
[1199.0, 1193.0, 1198.0526456832886, 6.0, 0.9473543167114258]
[1200.0, 1193.0, 1198.0526456832886, 7.0, 1.9473543167114258]
[1199.0, 1194.0, 1199.0533022880554, 5.0, 0.05330228805541992]
[1198.0, 1193.0, 1198.0544838905334, 5.0, 0.054483890533447266]
[1199.0, 1193.0, 1198.0544838905334, 6.0, 0.9455161094665527]
[1200.0, 1195.0, 1200.0537939071655, 5.0, 0.053793907165527344]
[1200.0, 1195.0, 1200.0537939071655, 5.0, 0.053793907165527344]
[1198.0, 1189.0, 1194.0545806884766, 9.0, 3.9454193115234375]
[1195.0, 1189.0, 1197.9983234405518, 6.0, 2.998323440551758]
[1198.0, 1189.0, 1197.9983234405518, 9.0, 0.0016765594482421875]
[1194.0, 1186.0, 1194.9983234405518, 8.0, 0.9983234405517578]
[1194.0, 1186.0, 1194.9983234405518, 8.0, 0.9983234405517578]
[1187.0, 1186.0, 1194.9990882873535, 1.0, 7.999088287353516]
[1186.0, 1181.0, 1182.6712902784348, 5.0, 3.3287097215652466]
[1187.0, 1181.0, 1185.9200773239136, 6.0, 1.0799226760864258]
[1182.0, 1176.0, 1179.9274764060974, 6.0, 2.072523593902588]
[1178.0, 1176.0, 1179.9274764060974, 2.0, 1.927476406097412]
[1176.0, 1178.0, 1182.9357814788818, 2.0, 6.935781478881836]
[1174.0, 1176.0, 1174.6966722011566, 2.0, 0.6966722011566162]
[1168.0, 1176.0, 1174.6966722011566, 8.0, 6.696672201156616]
[1168.0, 1177.0, 1169.0014963150024, 9.0, 1.0014963150024414]
[1166.0, 1177.0, 1169.0014963150024, 11.0, 3.0014963150024414]
[1159.0, 1167.0, 1155.199366569519, 8.0, 3.800633430480957]
[1156.0, 1160.0, 1152.4609904289246, 4.0, 3.5390095710754395]
[1153.0, 1160.0, 1155.9995560646057, 7.0, 2.999556064605713]
[1151.0, 1154.0, 1149.9993000030518, 3.0, 1.0006999969482422]
[1150.0, 1154.0, 1149.9993000030518, 4.0, 0.0006999969482421875]
[1140.0, 1149.0, 1145.016517162323, 9.0, 5.016517162322998]
[1138.0, 1140.0, 1130.9993734359741, 2.0, 7.000626564025879]
[1139.0, 1140.0, 1137.8264243602753, 1.0, 1.1735756397247314]
[1131.0, 1138.0, 1135.628246307373, 7.0, 4.628246307373047]
[1133.0, 1129.0, 1122.6009330749512, 4.0, 10.399066925048828]
[1126.0, 1117.0, 1119.1308677196503, 9.0, 6.8691322803497314]
[1133.0, 1117.0, 1124.8001852035522, 16.0, 8.199814796447754]
[1122.0, 1119.0, 1134.6772079467773, 3.0, 12.677207946777344]
[1121.0, 1119.0, 1124.556122303009, 2.0, 3.556122303009033]
[1117.0, 1121.0, 1123.0948326587677, 4.0, 6.0948326587677]
[1112.0, 1115.0, 1111.0022711753845, 3.0, 0.9977288246154785]
[1112.0, 1115.0, 1111.0022711753845, 3.0, 0.9977288246154785]
[1108.0, 1112.0, 1108.0016951560974, 4.0, 0.0016951560974121094]
[1109.0, 1112.0, 1108.0016951560974, 3.0, 0.9983048439025879]
[1101.0, 1105.0, 1100.6355953216553, 4.0, 0.36440467834472656]
[1103.0, 1105.0, 1100.6355953216553, 2.0, 2.3644046783447266]
[1101.0, 1102.0, 1098.0007600784302, 1.0, 2.999239921569824]
[1101.0, 1102.0, 1098.0007600784302, 1.0, 2.999239921569824]
[1098.0, 1104.0, 1100.000340461731, 6.0, 2.000340461730957]
[1095.0, 1108.0, 1104.0013723373413, 13.0, 9.001372337341309]
[1094.0, 1108.0, 1095.0002822875977, 14.0, 1.0002822875976562]
[1094.0, 1111.0, 1097.9994859695435, 17.0, 3.999485969543457]
[1094.0, 1111.0, 1093.9790229797363, 17.0, 0.020977020263671875]
[1098.0, 1109.0, 1091.9806385040283, 11.0, 6.01936149597168]
[1100.0, 1113.0, 1102.000220298767, 13.0, 2.00022029876709]
[1094.0, 1113.0, 1102.000220298767, 19.0, 8.00022029876709]
[1099.0, 1113.0, 1094.001817703247, 14.0, 4.99818229675293]
[1098.0, 1113.0, 1099.0, 15.0, 1.0]
[1098.0, 1087.0, 1072.0211181640625, 11.0, 25.9788818359375]
[1100.0, 1086.0, 1091.6753358840942, 14.0, 8.324664115905762]
[1095.0, 1086.0, 1099.2028160095215, 9.0, 4.202816009521484]
[1103.0, 1091.0, 1100.1389245986938, 12.0, 2.8610754013061523]
[1101.0, 1091.0, 1100.1389245986938, 10.0, 0.8610754013061523]
[1103.0, 1121.0, 1130.1365127563477, 18.0, 27.136512756347656]
[1108.0, 1126.0, 1112.3101539611816, 18.0, 4.310153961181641]
[1108.0, 1126.0, 1108.0373096466064, 18.0, 0.03730964660644531]
[1111.0, 1131.0, 1113.0390892028809, 20.0, 2.0390892028808594]
[1111.0, 1131.0, 1113.0390892028809, 20.0, 2.0390892028808594]
[1117.0, 1131.0, 1113.046272277832, 14.0, 3.9537277221679688]
[1118.0, 1136.0, 1122.0050621032715, 18.0, 4.005062103271484]
[1120.0, 1136.0, 1117.9999980926514, 16.0, 2.000001907348633]
[1122.0, 1139.0, 1121.006872177124, 17.0, 0.9931278228759766]
[1122.0, 1139.0, 1121.006872177124, 17.0, 0.9931278228759766]
[1127.0, 1140.0, 1122.0077819824219, 13.0, 4.992218017578125]
[1131.0, 1144.0, 1130.6791925430298, 13.0, 0.32080745697021484]
[1130.0, 1144.0, 1130.6791925430298, 14.0, 0.6791925430297852]
[1135.0, 1151.0, 1138.0024318695068, 16.0, 3.002431869506836]
[1137.0, 1151.0, 1134.9999866485596, 14.0, 2.0000133514404297]
[1142.0, 1150.0, 1134.0019607543945, 8.0, 7.998039245605469]
[1143.0, 1151.0, 1142.9999723434448, 8.0, 2.765655517578125e-05]
[1144.0, 1151.0, 1142.9999723434448, 7.0, 1.0000276565551758]
[1150.0, 1156.0, 1148.0003628730774, 6.0, 1.9996371269226074]
[1150.0, 1156.0, 1148.0003628730774, 6.0, 1.9996371269226074]
[1155.0, 1157.0, 1149.0008854866028, 2.0, 5.999114513397217]
[1153.0, 1160.0, 1158.0046025514603, 7.0, 5.004602551460266]
[1155.0, 1160.0, 1152.9999995231628, 5.0, 2.000000476837158]
[1153.0, 1159.0, 1152.0303945541382, 6.0, 0.9696054458618164]
[1157.0, 1159.0, 1152.0303945541382, 2.0, 4.969605445861816]
[1156.0, 1159.0, 1156.9989800453186, 3.0, 0.9989800453186035]
[1159.0, 1160.0, 1157.9988496303558, 1.0, 1.001150369644165]
[1157.0, 1160.0, 1157.9988496303558, 3.0, 0.998849630355835]
[1157.0, 1161.0, 1158.9981272220612, 4.0, 1.9981272220611572]
[1157.0, 1161.0, 1158.9981272220612, 4.0, 1.9981272220611572]
[1157.0, 1167.0, 1164.9982857704163, 10.0, 7.99828577041626]
[1159.0, 1165.0, 1154.9982252120972, 6.0, 4.001774787902832]
[1155.0, 1165.0, 1159.0000009536743, 10.0, 4.000000953674316]
[1153.0, 1168.0, 1157.9693126678467, 15.0, 4.96931266784668]
[1153.0, 1168.0, 1153.0001888275146, 15.0, 0.0001888275146484375]
[1153.0, 1167.0, 1152.0594425201416, 14.0, 0.9405574798583984]
[1157.0, 1167.0, 1152.0594425201416, 10.0, 4.940557479858398]
[1152.0, 1135.0, 1124.9966020584106, 17.0, 27.003397941589355]
[1150.0, 1145.0, 1154.3851776123047, 5.0, 4.3851776123046875]
[1151.0, 1145.0, 1151.0570483207703, 6.0, 0.05704832077026367]
[1146.0, 1141.0, 1147.056646823883, 5.0, 1.0566468238830566]
[1146.0, 1141.0, 1147.056646823883, 5.0, 1.0566468238830566]
[1144.0, 1138.0, 1144.4266200065613, 6.0, 0.4266200065612793]
[1140.0, 1135.0, 1141.0587410926819, 5.0, 1.0587410926818848]
[1142.0, 1135.0, 1141.0587410926819, 7.0, 0.9412589073181152]
[1135.0, 1139.0, 1145.058883190155, 4.0, 10.05888319015503]
[1140.0, 1139.0, 1135.9823586940765, 1.0, 4.017641305923462]
[1138.0, 1143.0, 1143.9057710766792, 5.0, 5.90577107667923]
[1133.0, 1131.0, 1126.0038723945618, 2.0, 6.996127605438232]
[1135.0, 1131.0, 1132.9888805150986, 4.0, 2.0111194849014282]
[1133.0, 1136.0, 1137.9888414144516, 3.0, 4.988841414451599]
[1131.0, 1136.0, 1133.0002999305725, 5.0, 2.0002999305725098]
[1130.0, 1133.0, 1129.9997098445892, 3.0, 0.00029015541076660156]
[1134.0, 1138.0, 1135.0006968975067, 4.0, 1.0006968975067139]
[1134.0, 1138.0, 1135.0006968975067, 4.0, 1.0006968975067139]
[1135.0, 1134.0, 1131.0009009838104, 1.0, 3.999099016189575]
[1135.0, 1134.0, 1134.9999976754189, 1.0, 2.3245811462402344e-06]
[1133.0, 1132.0, 1133.015181183815, 1.0, 0.015181183815002441]
[1137.0, 1135.0, 1135.999889433384, 2.0, 1.0001105666160583]
[1137.0, 1135.0, 1135.999889433384, 2.0, 1.0001105666160583]
[1137.0, 1140.0, 1140.999933540821, 3.0, 3.9999335408210754]
[1137.0, 1140.0, 1137.0000007152557, 3.0, 7.152557373046875e-07]
[1140.0, 1143.0, 1139.9999597072601, 3.0, 4.029273986816406e-05]
[1140.0, 1143.0, 1139.9999449253082, 3.0, 5.507469177246094e-05]
[1141.0, 1143.0, 1139.9999449253082, 2.0, 1.0000550746917725]
[1143.0, 1148.0, 1145.0003492832184, 5.0, 2.000349283218384]
[1149.0, 1148.0, 1145.0007388591766, 1.0, 3.9992611408233643]
[1149.0, 1152.0, 1152.9999626278877, 3.0, 3.999962627887726]
[1153.0, 1152.0, 1149.0000002384186, 1.0, 3.999999761581421]
[1156.0, 1153.0, 1154.0002743005753, 3.0, 1.9997256994247437]
[1156.0, 1153.0, 1154.0002743005753, 3.0, 1.9997256994247437]
[1161.0, 1155.0, 1156.0003222227097, 6.0, 4.999677777290344]
[1166.0, 1154.0, 1160.4399056434631, 12.0, 5.560094356536865]
[1163.0, 1154.0, 1165.9999980926514, 9.0, 2.999998092651367]
[1169.0, 1165.0, 1176.0237102508545, 4.0, 7.023710250854492]
[1171.0, 1165.0, 1168.999998807907, 6.0, 2.0000011920928955]
[1175.0, 1174.0, 1177.9994604587555, 1.0, 2.999460458755493]
[1180.0, 1171.0, 1176.3473796844482, 9.0, 3.652620315551758]
[1180.0, 1171.0, 1179.990924835205, 9.0, 0.009075164794921875]
[1186.0, 1182.0, 1189.0629177093506, 4.0, 3.062917709350586]
[1183.0, 1182.0, 1186.7174792289734, 1.0, 3.7174792289733887]
[1191.0, 1184.0, 1184.9978474974632, 7.0, 6.002152502536774]
[1195.0, 1186.0, 1193.905900478363, 9.0, 1.094099521636963]
[1195.0, 1186.0, 1193.905900478363, 9.0, 1.094099521636963]
[1200.0, 1195.0, 1201.9983582496643, 5.0, 1.9983582496643066]
[1199.0, 1195.0, 1201.9983582496643, 4.0, 2.9983582496643066]
[1207.0, 1198.0, 1205.803789138794, 9.0, 1.1962108612060547]
[1209.0, 1198.0, 1205.803789138794, 11.0, 3.1962108612060547]
[1213.0, 1206.0, 1215.8752393722534, 7.0, 2.875239372253418]
[1211.0, 1206.0, 1215.8752393722534, 5.0, 4.875239372253418]
[1215.0, 1206.0, 1211.0004048347473, 9.0, 3.9995951652526855]
[1220.0, 1208.0, 1216.999683380127, 12.0, 3.000316619873047]
[1217.0, 1208.0, 1220.0000009536743, 9.0, 3.0000009536743164]
[1220.0, 1208.0, 1217.0005960464478, 12.0, 2.999403953552246]
[1223.0, 1208.0, 1217.0005960464478, 15.0, 5.999403953552246]
[1222.0, 1211.0, 1225.9958248138428, 11.0, 3.9958248138427734]
[1224.0, 1214.0, 1225.001386642456, 10.0, 1.0013866424560547]
[1219.0, 1214.0, 1225.001386642456, 5.0, 6.001386642456055]
[1226.0, 1219.0, 1224.0002226829529, 7.0, 1.9997773170471191]
[1227.0, 1219.0, 1224.0002226829529, 8.0, 2.999777317047119]
[1226.0, 1224.0, 1229.002052783966, 2.0, 3.0020527839660645]
[1226.0, 1234.0, 1235.999846458435, 8.0, 9.999846458435059]
[1227.0, 1234.0, 1226.001790046692, 7.0, 0.9982099533081055]
[1226.0, 1228.0, 1219.9998626708984, 2.0, 6.0001373291015625]
[1229.0, 1228.0, 1225.9974026679993, 1.0, 3.0025973320007324]
[1226.0, 1221.0, 1221.9997491836548, 5.0, 4.000250816345215]
[1223.0, 1219.0, 1224.0009770393372, 4.0, 1.0009770393371582]
[1226.0, 1219.0, 1224.0009770393372, 7.0, 1.9990229606628418]
[1224.0, 1227.0, 1232.001121044159, 3.0, 8.001121044158936]
[1226.0, 1227.0, 1224.0000376701355, 1.0, 1.999962329864502]
[1222.0, 1223.0, 1220.0000658035278, 1.0, 1.999934196472168]
[1224.0, 1216.0, 1213.0002331733704, 8.0, 10.999766826629639]
[1222.0, 1216.0, 1223.82746219635, 6.0, 1.8274621963500977]
[1224.0, 1255.0, 1264.2717666625977, 31.0, 40.271766662597656]
[1222.0, 1255.0, 1232.3443431854248, 33.0, 10.344343185424805]
[1223.0, 1263.0, 1232.2071552276611, 40.0, 9.207155227661133]
[1221.0, 1263.0, 1222.9989395141602, 42.0, 1.9989395141601562]
[1220.0, 1263.0, 1222.9989395141602, 43.0, 2.9989395141601562]
[1219.0, 1259.0, 1219.002212524414, 40.0, 0.0022125244140625]
[1219.0, 1259.0, 1219.002212524414, 40.0, 0.0022125244140625]
[1220.0, 1266.0, 1226.0011901855469, 46.0, 6.001190185546875]
[1222.0, 1268.0, 1221.9933547973633, 46.0, 0.00664520263671875]
[1220.0, 1268.0, 1221.9933547973633, 48.0, 1.9933547973632812]
[1220.0, 1267.0, 1220.9932327270508, 47.0, 0.9932327270507812]
[1219.0, 1267.0, 1220.9932327270508, 48.0, 1.9932327270507812]
[1224.0, 1273.0, 1226.9942779541016, 49.0, 2.9942779541015625]
[1222.0, 1273.0, 1227.0001525878906, 51.0, 5.000152587890625]
[1222.0, 1273.0, 1222.367259979248, 51.0, 0.3672599792480469]
[1221.0, 1273.0, 1222.3581352233887, 52.0, 1.3581352233886719]
[1222.0, 1273.0, 1222.3581352233887, 51.0, 0.3581352233886719]
[1227.0, 1273.0, 1222.3581275939941, 46.0, 4.641872406005859]
[1228.0, 1277.0, 1230.8558502197266, 49.0, 2.8558502197265625]
[1229.0, 1277.0, 1230.8558502197266, 48.0, 1.8558502197265625]
[1229.0, 1283.0, 1231.3490600585938, 54.0, 2.34906005859375]
[1229.0, 1283.0, 1231.3490600585938, 54.0, 2.34906005859375]
[1228.0, 1283.0, 1236.847843170166, 55.0, 8.847843170166016]
[1228.0, 1283.0, 1228.0465240478516, 55.0, 0.0465240478515625]
[1234.0, 1285.0, 1230.0551681518555, 51.0, 3.9448318481445312]
[1236.0, 1286.0, 1234.224739074707, 50.0, 1.7752609252929688]
[1233.0, 1286.0, 1234.224739074707, 53.0, 1.2247390747070312]
[1234.0, 1284.0, 1229.0798873901367, 50.0, 4.920112609863281]
[1234.0, 1284.0, 1233.479404449463, 50.0, 0.5205955505371094]
[1237.0, 1283.0, 1235.2039070129395, 46.0, 1.7960929870605469]
[1239.0, 1287.0, 1239.1998481750488, 48.0, 0.19984817504882812]
[1234.0, 1287.0, 1239.1998481750488, 53.0, 5.199848175048828]
[1236.0, 1284.0, 1231.8365783691406, 48.0, 4.163421630859375]
[1236.0, 1284.0, 1235.463279724121, 48.0, 0.5367202758789062]
[1236.0, 1279.0, 1226.937442779541, 43.0, 9.062557220458984]
[1237.0, 1279.0, 1238.4354515075684, 42.0, 1.4354515075683594]
[1235.0, 1279.0, 1238.4354515075684, 44.0, 3.4354515075683594]
[1235.0, 1283.0, 1239.0075416564941, 48.0, 4.007541656494141]
[1235.0, 1283.0, 1235.7402954101562, 48.0, 0.74029541015625]
[1236.0, 1280.0, 1232.7422409057617, 44.0, 3.2577590942382812]
[1235.0, 1276.0, 1229.7688827514648, 41.0, 5.231117248535156]
[1231.0, 1276.0, 1234.9718856811523, 45.0, 3.9718856811523438]
[1229.0, 1276.0, 1230.2969932556152, 47.0, 1.2969932556152344]
[1230.0, 1276.0, 1230.2969932556152, 46.0, 0.2969932556152344]
[1223.0, 1273.0, 1230.1777648925781, 50.0, 7.177764892578125]
[1227.0, 1268.0, 1218.0437202453613, 41.0, 8.956279754638672]
[1230.0, 1268.0, 1227.0, 38.0, 3.0]
[1228.0, 1261.0, 1223.0004959106445, 33.0, 4.999504089355469]
[1220.0, 1261.0, 1228.0, 41.0, 8.0]
[1220.0, 1254.0, 1212.9964599609375, 34.0, 7.0035400390625]
[1223.0, 1256.0, 1221.306209564209, 33.0, 1.6937904357910156]
[1223.0, 1256.0, 1221.306209564209, 33.0, 1.6937904357910156]
[1221.0, 1253.0, 1216.963996887207, 32.0, 4.036003112792969]
[1222.0, 1253.0, 1221.0, 31.0, 1.0]
[1216.0, 1247.0, 1216.4899711608887, 31.0, 0.4899711608886719]
[1216.0, 1246.0, 1215.4938278198242, 30.0, 0.5061721801757812]
[1216.0, 1246.0, 1215.4938278198242, 30.0, 0.5061721801757812]
[1215.0, 1246.0, 1213.9826545715332, 31.0, 1.0173454284667969]
[1215.0, 1246.0, 1213.9826545715332, 31.0, 1.0173454284667969]
[1215.0, 1243.0, 1211.6610679626465, 28.0, 3.3389320373535156]
[1216.0, 1243.0, 1214.784725189209, 27.0, 1.2152748107910156]
[1211.0, 1243.0, 1214.784725189209, 32.0, 3.7847251892089844]
[1214.0, 1242.0, 1211.257459640503, 28.0, 2.7425403594970703]
[1214.0, 1242.0, 1211.257459640503, 28.0, 2.7425403594970703]
[1215.0, 1242.0, 1209.7132759094238, 27.0, 5.286724090576172]
[1215.0, 1240.0, 1213.469762802124, 25.0, 1.5302371978759766]
[1211.0, 1240.0, 1213.469762802124, 29.0, 2.4697628021240234]
[1216.0, 1241.0, 1215.0456981658936, 25.0, 0.9543018341064453]
[1215.0, 1241.0, 1215.0456981658936, 26.0, 0.04569816589355469]
[1216.0, 1246.0, 1220.0460205078125, 30.0, 4.0460205078125]
[1216.0, 1246.0, 1216.0015659332275, 30.0, 0.0015659332275390625]
[1219.0, 1246.0, 1216.0015659332275, 27.0, 2.998434066772461]
[1219.0, 1248.0, 1218.0061378479004, 29.0, 0.9938621520996094]
[1219.0, 1248.0, 1218.0061378479004, 29.0, 0.9938621520996094]
[1220.0, 1247.0, 1217.005199432373, 27.0, 2.994800567626953]
[1222.0, 1253.0, 1223.0052642822266, 31.0, 1.0052642822265625]
[1224.0, 1253.0, 1223.0052642822266, 29.0, 0.9947357177734375]
[1229.0, 1256.0, 1226.0083103179932, 27.0, 2.991689682006836]
[1227.0, 1256.0, 1226.0083103179932, 29.0, 0.9916896820068359]
[1229.0, 1257.0, 1227.0043563842773, 28.0, 1.9956436157226562]
[1233.0, 1256.0, 1226.0060920715332, 23.0, 6.993907928466797]
[1231.0, 1256.0, 1233.0, 25.0, 2.0]
[1236.0, 1262.0, 1238.9706954956055, 26.0, 2.9706954956054688]
[1237.0, 1262.0, 1238.9706954956055, 25.0, 1.9706954956054688]
[1240.0, 1266.0, 1242.9712257385254, 26.0, 2.9712257385253906]
[1240.0, 1272.0, 1248.9989109039307, 32.0, 8.998910903930664]
[1242.0, 1272.0, 1240.0, 30.0, 2.0]
[1243.0, 1272.0, 1240.0015621185303, 29.0, 2.9984378814697266]
[1242.0, 1272.0, 1240.0015621185303, 30.0, 1.9984378814697266]
[1248.0, 1278.0, 1245.9981498718262, 30.0, 2.001850128173828]
[1248.0, 1281.0, 1248.9949989318848, 33.0, 0.9949989318847656]
[1250.0, 1281.0, 1248.9949989318848, 31.0, 1.0050010681152344]
[1254.0, 1279.0, 1246.988452911377, 25.0, 7.011547088623047]
[1254.0, 1279.0, 1254.0, 25.0, 0.0]
[1254.0, 1284.0, 1259.0006656646729, 30.0, 5.000665664672852]
[1256.0, 1286.0, 1255.9954776763916, 30.0, 0.0045223236083984375]
[1259.0, 1286.0, 1255.9954776763916, 27.0, 3.0045223236083984]
[1262.0, 1286.0, 1259.002363204956, 24.0, 2.9976367950439453]
[1259.0, 1286.0, 1259.002363204956, 27.0, 0.0023632049560546875]
[1261.0, 1289.0, 1261.9918174743652, 28.0, 0.9918174743652344]
[1264.0, 1293.0, 1265.0962734222412, 29.0, 1.096273422241211]
[1263.0, 1293.0, 1265.0962734222412, 30.0, 2.096273422241211]
[1264.0, 1291.0, 1263.9994468688965, 27.0, 0.000553131103515625]
[1268.0, 1291.0, 1263.9994468688965, 23.0, 4.000553131103516]
[1268.0, 1292.0, 1268.996337890625, 24.0, 0.996337890625]
[1266.0, 1293.0, 1269.994623184204, 27.0, 3.9946231842041016]
[1267.0, 1293.0, 1266.001760482788, 26.0, 0.9982395172119141]
[1268.0, 1292.0, 1264.1038074493408, 24.0, 3.8961925506591797]
[1269.0, 1292.0, 1267.999267578125, 23.0, 1.000732421875]
[1274.0, 1295.0, 1271.6091346740723, 21.0, 2.3908653259277344]
[1273.0, 1297.0, 1273.6079216003418, 24.0, 0.6079216003417969]
[1273.0, 1297.0, 1273.6079216003418, 24.0, 0.6079216003417969]
[1271.0, 1297.0, 1273.6070041656494, 26.0, 2.607004165649414]
[1275.0, 1297.0, 1273.6070041656494, 22.0, 1.392995834350586]
[1274.0, 1298.0, 1274.601360321045, 24.0, 0.6013603210449219]
[1273.0, 1299.0, 1275.6012878417969, 26.0, 2.601287841796875]
[1273.0, 1299.0, 1275.6012878417969, 26.0, 2.601287841796875]
[1275.0, 1298.0, 1274.5996475219727, 23.0, 0.40035247802734375]
[1275.0, 1298.0, 1274.5996475219727, 23.0, 0.40035247802734375]
[1276.0, 1296.0, 1272.6000576019287, 20.0, 3.399942398071289]
[1273.0, 1297.0, 1276.9997310638428, 24.0, 3.9997310638427734]
[1279.0, 1297.0, 1273.0007667541504, 18.0, 5.999233245849609]
[1279.0, 1297.0, 1279.001594543457, 18.0, 0.00159454345703125]
[1280.0, 1297.0, 1279.001594543457, 17.0, 0.9984054565429688]
[1275.0, 1295.0, 1277.0005989074707, 20.0, 2.000598907470703]
[1280.0, 1295.0, 1277.0005989074707, 15.0, 2.999401092529297]
[1276.0, 1292.0, 1273.9992294311523, 16.0, 2.0007705688476562]
[1279.0, 1293.0, 1274.9972248077393, 14.0, 4.002775192260742]
[1271.0, 1293.0, 1279.0, 22.0, 8.0]
[1276.0, 1293.0, 1270.999885559082, 17.0, 5.000114440917969]
[1275.0, 1293.0, 1276.0, 18.0, 1.0]
[1271.0, 1295.0, 1277.9976615905762, 24.0, 6.997661590576172]
[1270.0, 1291.0, 1267.0024318695068, 21.0, 2.997568130493164]
[1275.0, 1291.0, 1267.0024318695068, 16.0, 7.997568130493164]
[1267.0, 1287.0, 1270.9010925292969, 20.0, 3.901092529296875]
[1271.0, 1287.0, 1267.0, 16.0, 4.0]
[1268.0, 1287.0, 1271.1612005233765, 19.0, 3.161200523376465]
[1269.0, 1289.0, 1269.9984493255615, 20.0, 0.9984493255615234]
[1268.0, 1289.0, 1269.9984493255615, 21.0, 1.9984493255615234]
[1263.0, 1289.0, 1269.998935699463, 26.0, 6.998935699462891]
[1264.0, 1289.0, 1263.0, 25.0, 1.0]
[1263.0, 1288.0, 1261.9969425201416, 25.0, 1.0030574798583984]
[1263.0, 1288.0, 1261.996868133545, 25.0, 1.0031318664550781]
[1269.0, 1288.0, 1261.996868133545, 19.0, 7.003131866455078]
[1260.0, 1287.0, 1267.9989376068115, 27.0, 7.998937606811523]
[1261.0, 1287.0, 1260.0, 26.0, 1.0]
[1255.0, 1282.0, 1255.0012817382812, 27.0, 0.00128173828125]
[1255.0, 1280.0, 1251.9808387756348, 25.0, 3.0191612243652344]
[1254.0, 1280.0, 1254.9999980926514, 26.0, 0.9999980926513672]
[1253.0, 1273.0, 1248.5436668395996, 20.0, 4.456333160400391]
[1256.0, 1273.0, 1253.0000076293945, 17.0, 2.9999923706054688]
[1253.0, 1274.0, 1254.0002269744873, 21.0, 1.0002269744873047]
[1250.0, 1270.0, 1249.6546173095703, 20.0, 0.3453826904296875]
[1250.0, 1270.0, 1249.6546173095703, 20.0, 0.3453826904296875]
[1246.0, 1266.0, 1245.999439239502, 20.0, 0.000560760498046875]
[1249.0, 1266.0, 1245.999439239502, 17.0, 3.000560760498047]
[1243.0, 1266.0, 1249.000280380249, 23.0, 6.000280380249023]
[1243.0, 1265.0, 1241.9980907440186, 22.0, 1.0019092559814453]
[1244.0, 1265.0, 1241.9980907440186, 21.0, 2.0019092559814453]
[1242.0, 1264.0, 1240.9974613189697, 22.0, 1.0025386810302734]
[1241.0, 1264.0, 1240.9974613189697, 23.0, 0.0025386810302734375]
[1239.0, 1263.0, 1239.998041152954, 24.0, 0.9980411529541016]
[1241.0, 1252.0, 1228.9979209899902, 11.0, 12.002079010009766]
[1240.0, 1252.0, 1240.9490518569946, 12.0, 0.9490518569946289]
[1240.0, 1253.0, 1241.534418106079, 13.0, 1.5344181060791016]
[1235.0, 1253.0, 1241.534418106079, 18.0, 6.534418106079102]
[1239.0, 1253.0, 1234.9040298461914, 14.0, 4.095970153808594]
[1237.0, 1253.0, 1238.9964179992676, 16.0, 1.9964179992675781]
[1233.0, 1253.0, 1238.9964179992676, 20.0, 5.996417999267578]
[1234.0, 1252.0, 1233.3493995666504, 18.0, 0.6506004333496094]
[1236.0, 1252.0, 1233.3493995666504, 16.0, 2.6506004333496094]
[1234.0, 1253.0, 1233.107551574707, 19.0, 0.8924484252929688]
[1233.0, 1254.0, 1235.353271484375, 21.0, 2.353271484375]
[1236.0, 1254.0, 1235.353271484375, 18.0, 0.646728515625]
[1235.0, 1253.0, 1234.3514423370361, 18.0, 0.6485576629638672]
[1235.0, 1253.0, 1234.3514423370361, 18.0, 0.6485576629638672]
[1237.0, 1253.0, 1234.3507709503174, 16.0, 2.649229049682617]
[1237.0, 1255.0, 1235.0007629394531, 18.0, 1.999237060546875]
[1234.0, 1255.0, 1235.0007629394531, 21.0, 1.000762939453125]
[1236.0, 1256.0, 1235.9992065429688, 20.0, 0.00079345703125]
[1239.0, 1256.0, 1235.9992065429688, 17.0, 3.00079345703125]
[1240.0, 1257.0, 1241.0688638687134, 17.0, 1.068863868713379]
[1235.0, 1257.0, 1241.0700702667236, 22.0, 6.070070266723633]
[1241.0, 1257.0, 1235.0000019073486, 16.0, 5.999998092651367]
[1239.0, 1256.0, 1239.9979209899902, 17.0, 0.9979209899902344]
[1233.0, 1256.0, 1239.9979209899902, 23.0, 6.997920989990234]
